name	mean_pH	stdev	nb_sequences
C1_S10_108_4	7.86	0	2926
C1_S11_106_6	7.48	0	220
C1_S11_85_3	8.05	0	7
C1_S13_0_97	8.15	0	4126
C1_S13_11_16	8.38	0	207
C1_S13_110_2	8.45	0	133
C1_S13_145_2	8.33	0	1070
C1_S13_151_2	8.45	0	9
C1_S13_53_2	8.32	0	38
C1_S13_93_2	8.4	0	2
C1_S14_139_2	8.74	0	4
C1_S14_182_2	7.88	0	1333
C1_S14_185_3	8.16	0	790
C1_S14_226_2	8.17	0	17
C1_S14_251_2	8.45	0	4
C1_S16_35_6	4.33	0	10
C1_S21_122_3	7.75	0	296
C1_S21_153_6	8.16	0	8
C1_S21_179_2	8.1	0	18
C1_S21_535_2	8.07	0	8
C1_S21_541_2	8.16	0	2
C1_S21_819_2	8.16	0	2
C1_S26_142_3	8.05	0	3
C1_S26_378_2	7.36	0	5
C1_S27_1005_2	8.04	0	57
C1_S27_1049_2	8.04	0	2
C1_S27_1056_2	7.75	0	149
C1_S27_1127_2	8.04	0	2
C1_S27_274_3	8.25	0	6
C1_S27_289_3	7.64	0	110
C1_S27_80_5	8.29	0	58
C1_S27_921_2	8.04	0	2
C1_S31_143_2	7.21	0	4
C1_S31_71_4	7.23	0	156
C1_S37_110_3	8.47	0	28
C1_S37_151_2	8.08	0	157
C1_S37_203_4	8.46	0	4
C1_S37_378_2	8.46	0	9
C1_S5_121_2	7.59	0	2
C1_S5_67_2	7.59	0	2
C1_S6_80_2	8.49	0	18
C1_S7_10_24	8.52	0	52
C10_S10_338_4	7	0	70
C11_S0_10_8	5.45	0	2987
C11_S0_2_59	3.78	0	4668
C11_S1_19_3	4.21	0	8
C11_S10_103_3	6.11	0	819
C11_S10_119_3	5.94	0	81
C11_S10_175_2	6.66	0	12
C11_S10_199_2	5.53	0	11207
C11_S10_230_3	6.66	0	58
C11_S10_298_2	5.83	0	46
C11_S10_321_4	5.61	0	37
C11_S10_377_2	4.97	0	7
C11_S10_403_3	4.24	0	238
C11_S12_109_3	5.5	0	34
C11_S12_142_2	4.28	0	496
C11_S12_84_2	5.64	0	20
C11_S15_116_2	4.55	0	1049
C11_S16_10_20	4.19	0	58
C11_S16_105_2	4.63	0	142
C11_S16_107_2	4.93	0	12
C11_S16_145_3	5.42	0	18
C11_S16_214_2	5.96	0	22
C11_S16_249_2	4.33	0	2
C11_S17_142_3	3.97	0	15
C11_S17_205_2	4.01	0	2
C11_S20_108_6	6.4	0	594
C11_S20_187_3	6.17	0	656
C11_S20_213_5	4.84	0	422
C11_S20_384_2	5.02	0	314
C11_S20_659_2	5.53	0	27
C11_S20_791_2	6.4	0	2
C11_S23_158_2	5.71	0	335
C11_S24_71_2	5.87	0	4200
C11_S29_14_11	3.85	0	28
C11_S32_12_30	3.48	0	33
C11_S34_241_2	5.81	0	62
C11_S34_360_3	5.2	0	35
C11_S34_388_2	5.86	0	210
C11_S34_477_2	5.96	0	2
C11_S34_835_2	5.96	0	2
C11_S35_687_2	6.86	0	2
C11_S38_187_3	5.61	0	26
C11_S38_311_2	5.21	0	18
C11_S39_97_2	4.45	0	75
C11_S40_102_2	4.92	0	18
C11_S40_141_2	4.5	0	2
C11_S40_183_3	4.87	0	38
C11_S41_321_2	5	0	2
C11_S41_341_2	5	0	4
C11_S41_495_2	5	0	2
C11_S41_521_2	5	0	2
C11_S41_540_2	5	0	2
C11_S42_162_2	5.5	0	2
C11_S44_325_2	6.5	0	2
C11_S47_124_3	5.03	0	3
C11_S47_287_2	4.65	0	16
C11_S47_71_5	5.03	0	5
C11_S8_236_3	6.9	0	3
C11_S9_111_2	4.16	0	79
C11_S9_113_2	4.16	0	2
C11_S9_114_2	4.16	0	158
C11_S9_117_2	4.16	0	20
C11_S9_132_2	4.16	0	2
C11_S9_143_2	4.16	0	29
C11_S9_149_2	4.16	0	4
C11_S9_156_2	4.16	0	25
C11_S9_158_2	4.16	0	2
C11_S9_16_12	4.16	0	24
C11_S9_168_2	4.16	0	2
C11_S9_169_2	4.16	0	4
C11_S9_188_2	4.16	0	2
C11_S9_195_2	4.16	0	2
C11_S9_206_2	4.16	0	20
C11_S9_228_2	4.16	0	21
C11_S9_238_2	4.16	0	2
C11_S9_239_2	4.16	0	2
C11_S9_244_2	4.16	0	2
C11_S9_298_2	4.16	0	2
C11_S9_300_2	4.16	0	11
C11_S9_302_2	4.16	0	6
C11_S9_304_2	4.16	0	2
C11_S9_311_2	4.16	0	2
C11_S9_60_3	4.16	0	3
C12_S11_0_93	7.8	0	926
C12_S11_102_3	8.09	0	2012
C12_S11_111_2	8.11	0	52
C12_S11_122_2	8.22	0	265
C12_S11_140_4	8.14	0	3895
C12_S13_101_2	8.5	0	153
C12_S13_59_3	8.48	0	61
C12_S13_95_2	8.52	0	145
C12_S21_275_2	8.16	0	2
C12_S21_565_2	8.09	0	11
C12_S27_352_3	8.04	0	3
C12_S27_610_3	8.04	0	3
C12_S27_809_2	8.28	0	26
C12_S31_198_2	7.86	0	12
C12_S31_316_2	7.21	0	2
C12_S37_11_10	8.35	0	882
C12_S37_155_2	8.46	0	4
C12_S37_157_2	8.46	0	27
C12_S37_184_2	8.46	0	2
C12_S37_199_2	8.46	0	20
C12_S37_210_2	8.46	0	2
C12_S37_221_3	8.45	0	79
C12_S37_286_2	8.46	0	4
C12_S37_303_2	8.46	0	2
C12_S37_320_2	8.46	0	2
C12_S37_340_2	8.52	0	25
C12_S37_406_2	8.46	0	2
C12_S37_408_2	8.46	0	2
C12_S37_453_2	8.46	0	2
C12_S37_461_2	8.46	0	2
C12_S37_476_2	8.46	0	2
C12_S37_478_2	8.46	0	2
C12_S7_241_3	8.52	0	3
C13_S16_64_2	4.33	0	2
C13_S19_136_4	5.54	0	34
C13_S20_306_2	5.47	0	6
C13_S20_329_2	6.24	0	144
C13_S20_632_2	6.54	0	4
C13_S20_773_2	6.68	0	414
C13_S23_107_3	6.18	0	3
C13_S23_124_3	6.66	0	60
C13_S35_261_2	6.92	0	34
C13_S38_101_4	6.68	0	166
C13_S38_103_3	6.77	0	18
C13_S38_108_4	6.68	0	64
C13_S38_352_2	6.68	0	2
C13_S41_112_3	5	0	15
C13_S46_96_4	7.5	0	4
C14_S0_0_298	3.66	0	4423
C14_S1_10_5	4.49	0	27
C14_S1_11_11	4.8	0	68
C14_S1_13_5	4.84	0	21
C14_S1_16_3	5.01	0	102
C14_S1_17_3	4.3	0	5
C14_S1_22_2	4.88	0	10
C14_S1_5_8	4.92	0	1460
C14_S12_105_2	6.14	0	44
C14_S12_118_2	5.67	0	546
C14_S12_152_2	4.42	0	99
C14_S12_194_2	5.33	0	651
C14_S12_64_2	4.87	0	247
C14_S15_10_8	4.42	0	72
C14_S15_108_2	4.32	0	9
C14_S15_109_2	5.54	0	188
C14_S15_11_8	5.18	0	226
C14_S15_111_2	4.32	0	6
C14_S15_13_7	4.74	0	116
C14_S15_135_2	4.32	0	2
C14_S15_139_2	4.32	0	6
C14_S15_152_2	4.32	0	11
C14_S15_159_2	4.32	0	8
C14_S15_23_3	6.31	0	21
C14_S15_42_3	4.32	0	3
C14_S15_50_2	4.89	0	15
C14_S15_61_2	4.32	0	4
C14_S15_86_2	4.32	0	2
C14_S15_88_2	4.71	0	655
C14_S15_90_2	5.43	0	46
C14_S15_97_2	4.74	0	106
C14_S16_100_2	3.56	0	698
C14_S16_109_2	3.63	0	45
C14_S16_13_6	4.33	0	13
C14_S17_123_2	4.01	0	42
C14_S17_14_12	3.98	0	35
C14_S19_495_3	5.11	0	1711
C14_S2_146_2	5	0	16
C14_S2_174_2	5.1	0	50
C14_S2_286_2	5	0	2
C14_S2_79_3	5	0	3
C14_S24_101_2	5.35	0	178
C14_S24_106_2	5.07	0	129
C14_S24_109_2	6.14	0	144
C14_S24_18_7	6.22	0	161
C14_S24_19_14	6.19	0	45
C14_S24_27_7	5.16	0	78
C14_S24_42_5	6.06	0	95
C14_S24_59_2	5.05	0	36
C14_S24_62_2	5.02	0	68
C14_S24_72_2	6.83	0	2
C14_S24_92_2	6.83	0	2
C14_S24_94_2	5.46	0	8
C14_S25_230_3	6.75	0	3
C14_S25_649_3	6.29	0	13
C14_S29_101_4	3.69	0	821
C14_S32_497_2	3.55	0	71
C14_S32_561_2	3.48	0	2
C14_S32_597_2	3.48	0	2
C14_S33_12_5	5.16	0	5
C14_S33_14_4	4.77	0	42
C14_S34_407_2	5.96	0	2
C14_S35_660_2	5.84	0	18
C14_S36_10_54	5.55	0	455
C14_S36_110_3	5.55	0	113
C14_S36_112_3	5.55	0	112
C14_S36_116_3	5.55	0	36
C14_S36_120_3	5.55	0	6
C14_S36_130_5	5.55	0	5
C14_S36_133_7	5.55	0	167
C14_S36_137_4	5.55	0	33
C14_S36_144_3	5.55	0	36
C14_S36_20_37	5.55	0	62
C14_S36_217_6	5.55	0	8
C14_S36_220_2	5.55	0	2
C14_S36_223_6	5.55	0	6
C14_S36_225_3	5.55	0	24
C14_S36_245_2	5.55	0	85
C14_S36_251_3	5.55	0	442
C14_S36_271_4	5.55	0	4
C14_S36_272_2	5.55	0	8
C14_S36_309_2	5.55	0	2
C14_S36_323_2	5.55	0	2
C14_S36_377_2	5.55	0	2
C14_S36_440_2	5.55	0	251
C14_S36_445_2	5.55	0	6
C14_S36_470_2	5.55	0	2
C14_S36_578_2	5.55	0	2
C14_S36_67_7	5.55	0	7
C14_S39_122_2	4.7	0	59
C14_S39_204_2	4.7	0	2
C14_S39_231_2	4.7	0	6
C14_S39_297_2	4.7	0	4
C14_S39_9_9	4.7	0	9
C14_S39_96_2	4.7	0	2
C14_S40_124_2	4.72	0	16
C14_S40_27_4	4.5	0	4
C14_S41_147_3	5	0	66
C14_S41_500_2	5	0	4
C14_S41_538_2	5	0	2
C14_S41_563_2	5	0	2
C14_S41_641_2	5	0	115
C14_S41_676_2	5.31	0	22
C14_S41_681_2	5	0	2
C14_S41_87_4	5	0	4
C14_S42_100_2	5.45	0	27
C14_S42_101_2	5.5	0	2
C14_S42_118_2	5.5	0	2
C14_S42_119_2	5.5	0	2
C14_S42_145_2	5.5	0	4
C14_S42_146_2	5.5	0	5
C14_S42_54_2	5.5	0	2
C14_S42_91_2	6	0	4
C14_S47_143_4	5.03	0	23
C14_S47_227_2	5.03	0	2
C14_S47_237_2	5.03	0	14
C14_S47_48_4	5.03	0	4
C15_S1_23_3	4.3	0	3
C15_S15_94_2	5.06	0	5
C15_S17_0_165	4	0	1041
C15_S17_281_2	4.01	0	2
C15_S18_0_322	3.7	0	1340
C15_S36_108_5	5.55	0	138
C15_S36_136_3	5.55	0	3
C16_S16_150_3	4.33	0	6
C16_S37_201_2	7.06	0	131
C16_S37_462_3	8.46	0	3
C16_S38_469_2	7.04	0	9
C16_S43_28_3	6.43	0	23
C16_S44_85_4	6.5	0	4
C16_S45_143_3	7.03	0	38
C16_S45_209_2	7.04	0	28
C16_S45_303_3	7	0	53
C17_S37_116_3	8.46	0	19
C18_S39_223_2	7.03	0	32
C18_S44_200_2	6.72	0	23
C18_S44_317_3	6.64	0	7
C18_S44_41_5	6.72	0	9
C19_S31_328_2	7.06	0	4
C2_S10_10_17	6.66	0	17
C2_S10_163_2	6.64	0	11818
C2_S10_165_2	6.49	0	343
C2_S11_147_2	7.9	0	614
C2_S13_102_4	8.18	0	776
C2_S19_1006_2	6.38	0	623
C2_S19_1010_2	6.29	0	483
C2_S19_1018_2	6.17	0	4
C2_S19_1028_2	6.17	0	4
C2_S19_1053_2	6.82	0	14
C2_S19_1056_6	6.17	0	21
C2_S19_1061_2	6.17	0	5
C2_S19_32_14	6.17	0	35
C2_S20_243_2	6.4	0	2
C2_S20_42_12	6.4	0	16
C2_S20_45_7	6.91	0	35
C2_S20_751_2	6.04	0	19
C2_S23_542_2	6.18	0	2
C2_S23_96_3	6.18	0	3
C2_S25_565_2	6.76	0	28
C2_S25_675_2	6.74	0	17
C2_S25_712_4	6.75	0	4
C2_S26_226_2	8.05	0	2
C2_S27_646_2	8.04	0	2
C2_S27_959_2	8.04	0	2
C2_S28_40_2	7.23	0	75
C2_S31_346_2	7.12	0	17
C2_S31_81_4	7.02	0	9
C2_S35_1_123	6.76	0	477
C2_S35_128_3	6.86	0	20
C2_S35_129_3	6.87	0	307
C2_S35_138_4	6.74	0	34
C2_S35_148_3	6.86	0	7
C2_S35_180_3	6.87	0	111
C2_S35_230_2	6.86	0	2
C2_S35_239_2	6.86	0	45
C2_S35_496_3	6.86	0	3
C2_S35_710_3	6.86	0	3
C2_S37_87_3	8.46	0	3
C2_S44_113_2	6.5	0	2
C2_S44_47_3	6.5	0	3
C2_S45_298_2	7	0	2
C2_S46_107_2	7.5	0	2
C2_S46_342_2	7.5	0	4
C2_S5_112_2	7.59	0	2
C3_S13_134_3	7.6	0	241
C3_S16_111_3	4.33	0	9
C3_S16_125_2	4.33	0	4
C3_S16_182_2	4.33	0	4
C3_S16_186_4	4.33	0	4
C3_S16_210_2	4.33	0	2
C3_S16_259_2	4.33	0	4
C3_S19_156_4	6.98	0	50
C3_S31_220_3	7.84	0	6
C3_S31_98_6	7.21	0	6
C3_S37_202_2	8.46	0	6
C3_S44_35_4	7.03	0	39
C3_S46_234_2	7.5	0	7
C3_S46_268_3	7.5	0	3
C3_S46_326_3	7.5	0	5
C3_S46_376_2	7.5	0	2
C4_S11_273_2	8.3	0	57
C4_S13_138_2	7.97	0	735
C4_S14_142_2	8.66	0	15
C4_S14_204_2	8.21	0	14
C4_S16_160_2	4.33	0	2
C4_S16_54_2	4.33	0	4
C4_S37_135_2	8.46	0	2
C4_S37_178_3	8.46	0	7
C4_S37_185_2	8.46	0	19
C4_S37_208_2	8.46	0	5
C4_S37_86_3	8.46	0	3
C4_S6_37_2	8.41	0	22
C5_S34_402_2	5.96	0	2
C6_S10_0_362	6.53	0	14338
C6_S10_24_23	6.66	0	32
C6_S10_273_2	6.66	0	2
C6_S10_368_2	6.66	0	2
C6_S11_92_4	8.06	0	4
C6_S26_504_2	6.91	0	50
C7_S10_105_3	6.67	0	55
C7_S10_195_2	4.39	0	55
C8_S10_102_4	6.68	0	406
C8_S10_12_13	6.66	0	82
C8_S10_139_2	6.2	0	1903
C8_S10_146_3	5.72	0	1407
C8_S10_209_3	6.66	0	25
C8_S10_301_2	4.5	0	24
C8_S19_111_4	6.62	0	1419
C8_S20_166_4	6.48	0	343
C8_S20_356_2	5.9	0	48
C8_S20_453_2	6.4	0	2
C8_S20_555_2	6.4	0	2
C8_S23_141_2	5.21	0	11
C8_S23_396_2	5.69	0	31
C8_S23_546_2	6.18	0	2
C8_S30_204_2	6.77	0	2
C8_S38_240_2	6.68	0	8
C8_S38_307_2	6.68	0	2
C8_S4_199_2	4.83	0	2
C8_S45_463_2	7	0	2
C9_S14_116_2	8.31	0	249
C9_S27_1075_2	8.04	0	29
C9_S27_300_3	8.04	0	3
C9_S37_101_3	8.46	0	25
C9_S37_115_3	8.46	0	5
C9_S37_174_4	8.47	0	29
C9_S37_248_3	8.46	0	5
C9_S37_255_2	8.46	0	2
C9_S37_274_2	8.46	0	2
C9_S37_45_4	8.46	0	4
C9_S37_61_4	8.46	0	4
C9_S7_213_2	8.52	0	2
